DY
189
20
life_expectancy_at_birth_years;expected_years_of_schooling_years;mean_years_of_schooling_years;gross_national_income_GNI_per_capita_2017_PPP_$;GNI_rank_minus_HDI_rank;GINI_coefficient_2010-2018;life_expectancy_at_birth_women_years;life_expectancy_at_birth_men_years;expected_years_of_schooling_women_years;expected_years_of_schooling_men_years;population_millions;healthy_life_expectancy_at_birth;health_expenditure_2017_%_GDP;GDP_2017_PPP_$_billions;labour_force_participation_rate_%_aged_15_or_older;%_share_of_seats_in_parliament_women;adolescent_birth_rate_girls_aged_15-19;predicted_population_2030;total_fertility_rate_per_woman_2015-2020;prison_population_per_100_000
Norway;82.4;18.1;12.9;66494;7;27.0;84.4;80.4;18.8;17.4;5.4;70.8;10.4;340.3;63.8;40.8;5.1;5.9;1.7;80;1
Ireland;82.3;18.7;12.7;68371;4;32.8;83.9;80.7;18.8;18.6;4.9;70.4;7.2;428.8;62.1;24.3;7.5;5.2;1.8;82;1
Switzerland;83.8;16.3;13.4;69394;3;32.7;85.6;81.9;16.2;16.4;8.6;72.0;12.3;588.5;68.3;38.6;2.8;9.2;1.5;77;1
Hong Kong China (SAR);84.9;16.9;12.3;62985;7;;87.7;82.0;17.1;16.8;7.4;;;449.6;60.1;;2.7;8.0;1.3;112;1
Iceland;83.0;19.1;12.8;54682;14;26.8;84.5;81.5;20.2;18.0;0.3;72.3;8.3;20.2;75.0;38.1;6.3;0.4;1.8;40;1
Germany;81.3;17.0;14.2;55314;11;31.9;83.7;78.9;16.9;17.0;83.5;69.7;11.2;4473.8;60.8;31.6;8.1;83.1;1.6;79;1
Sweden;82.8;19.5;12.5;54508;12;28.8;84.6;81.0;20.4;18.6;10.0;71.4;11.0;547.2;64.6;47.3;5.1;10.6;1.9;61;1
Australia;83.4;22.0;12.7;48085;15;34.4;85.4;81.5;22.4;21.5;25.2;70.3;9.2;1262.0;65.5;36.6;11.7;28.2;1.8;173;1
Netherlands;82.3;18.5;12.4;57707;6;28.5;84.0;80.6;18.8;18.2;17.1;70.6;10.1;990.4;63.6;33.8;3.8;17.5;1.7;66;1
Denmark;80.9;18.9;12.6;58662;2;28.7;82.9;78.9;19.6;18.3;5.8;69.9;10.1;332.7;62.2;39.1;4.1;6.0;1.8;63;1
Finland;81.9;19.4;12.8;48511;11;27.4;84.7;79.1;20.2;18.6;5.5;70.3;9.2;268.4;59.1;47.0;5.8;5.6;1.5;54;1
Singapore;83.6;16.4;11.6;88155;-8;;85.7;81.5;16.7;16.3;5.8;74.5;4.4;555.2;70.5;23.0;3.5;6.3;1.2;208;1
United Kingdom;81.3;17.5;13.2;46071;13;34.8;83.0;79.6;18.0;17.0;67.5;69.1;9.6;3121.1;62.8;28.9;13.4;70.5;1.8;137;1
Belgium;81.6;19.8;12.1;52085;6;27.4;83.9;79.3;20.7;18.8;11.5;69.7;10.3;593.8;53.6;43.3;4.7;11.9;1.7;88;1
New Zealand;82.3;18.8;12.8;40799;18;;84.0;80.6;19.7;17.9;4.8;69.6;9.2;210.9;69.9;40.8;19.3;5.2;1.9;206;1
Canada;82.4;16.2;13.4;48527;5;33.8;84.4;80.4;16.7;15.7;37.4;70.4;10.6;1843.1;65.1;33.2;8.4;40.8;1.5;108;1
United States;78.9;16.3;13.4;63826;-7;41.4;81.4;76.3;16.9;15.7;329.1;65.4;17.1;20575.0;62.0;23.7;19.9;349.6;1.8;663;1
Austria;81.5;16.1;12.5;56197;-3;29.7;83.9;79.2;16.4;15.8;9.0;70.6;10.4;500.2;60.7;38.5;7.3;9.2;1.5;103;1
Israel;83.0;16.2;13.0;40187;14;39.0;84.5;81.3;16.8;15.6;8.5;71.8;7.4;363.6;64.0;23.3;9.6;10.0;3.0;231;1
Japan;84.6;15.2;12.9;42932;9;32.9;87.7;81.5;15.2;15.3;126.9;73.8;10.9;5231.1;61.7;14.5;3.8;120.8;1.4;40;1
Liechtenstein;80.7;14.9;12.5;131032;-18;;;;13.8;16.0;0.0;;;;;12.0;;0.0;;166;1
Slovenia;81.3;17.6;12.7;38080;15;24.2;84.0;78.6;18.3;16.8;2.1;70.4;8.2;80.8;58.4;22.3;3.8;2.1;1.6;67;1
Korea (Republic of);83.0;16.5;12.2;43044;4;31.6;86.0;79.9;15.9;17.0;51.2;72.3;7.6;2206.0;63.0;16.7;1.4;51.2;1.1;106;1
Luxembourg;82.3;14.3;12.3;72712;-19;34.9;84.3;80.2;14.3;14.2;0.6;71.0;5.5;71.0;59.3;25.0;4.7;0.7;1.5;108;1
Spain;83.6;17.6;10.3;40975;6;34.7;86.2;80.8;18.0;17.2;46.7;71.6;8.9;1924.7;57.5;41.9;7.7;46.2;1.3;126;1
France;82.7;15.6;11.5;47173;-1;31.6;85.5;79.7;16.0;15.3;65.1;71.5;11.3;3097.1;55.1;36.9;4.7;66.7;1.9;106;1
Czechia;79.4;16.8;12.7;38109;9;24.9;81.9;76.8;17.5;16.1;10.7;68.6;7.2;430.1;60.6;20.6;12.0;10.7;1.6;202;1
Malta;82.5;16.1;11.3;39555;6;29.2;84.3;80.7;16.5;15.7;0.4;71.1;9.3;21.8;56.5;14.9;12.9;0.4;1.5;141;1
Estonia;78.8;16.0;13.1;36019;9;30.4;82.7;74.4;16.8;15.2;1.3;68.1;6.4;48.7;63.6;29.7;7.7;1.3;1.6;195;1
Italy;83.5;16.1;10.4;42776;0;35.9;85.5;81.3;16.4;15.8;60.6;71.2;8.8;2557.4;49.6;35.3;5.2;59.0;1.3;101;1
United Arab Emirates;78.0;14.3;12.1;67462;-24;32.5;79.3;77.3;14.8;14.1;9.8;64.4;3.3;655.8;82.1;50.0;6.5;10.7;1.4;107;1
Greece;82.2;17.9;10.6;30155;14;34.4;84.7;79.8;17.5;18.1;10.5;69.9;8.0;324.9;51.8;20.7;7.2;9.9;1.3;101;1
Cyprus;81.0;15.2;12.2;38207;2;31.4;83.0;78.9;15.4;14.9;1.2;69.9;6.7;34.9;63.1;17.9;4.6;1.3;1.3;52;1
Lithuania;75.9;16.6;13.1;35799;5;37.3;81.4;70.3;17.1;16.2;2.8;66.6;6.5;103.0;61.6;21.3;10.9;2.5;1.7;232;1
Poland;78.7;16.3;12.5;31623;8;29.7;82.6;74.8;16.9;15.3;37.9;68.1;6.5;1256.3;56.7;27.9;10.5;36.9;1.4;192;1
Andorra;81.9;13.3;10.5;56000;-20;;;;;;0.1;70.9;10.3;;;46.4;;0.1;;64;1
Latvia;75.3;16.2;13.0;30282;8;35.6;80.0;70.2;16.8;15.5;1.9;66.3;6.0;59.0;61.4;30.0;16.2;1.7;1.7;183;1
Portugal;82.1;16.5;9.3;33967;2;33.8;84.9;79.0;16.5;16.6;10.2;70.2;9.0;357.4;58.8;38.7;8.4;9.9;1.3;127;1
Slovakia;77.5;14.5;12.7;32113;3;25.2;81.0;74.0;15.0;14.0;5.5;67.6;6.7;178.9;59.5;20.0;25.7;5.4;1.5;189;1
Hungary;76.9;15.2;12.0;31329;4;30.6;80.3;73.2;15.5;14.9;9.7;66.8;6.9;318.7;56.5;12.6;24.0;9.3;1.5;175;1
Saudi Arabia;75.1;16.1;10.2;47495;-16;;76.8;73.9;16.0;16.2;34.3;64.5;5.2;1609.3;55.9;19.9;7.3;39.3;2.3;206;1
Bahrain;77.3;16.3;9.5;42522;-12;;78.4;76.4;16.7;16.1;1.6;66.6;4.7;73.9;73.4;18.8;13.4;2.0;2.0;233;1
Chile;80.2;16.4;10.6;23261;16;44.4;82.4;77.8;16.7;16.2;19.0;69.2;9.0;459.1;62.6;22.7;41.1;19.5;1.7;246;1
Croatia;78.5;15.2;11.4;28070;6;30.4;81.6;75.3;16.0;14.5;4.1;68.2;6.8;116.0;51.2;20.5;8.7;3.9;1.4;77;1
Qatar;80.2;12.0;9.7;92418;-43;;82.0;79.1;14.1;11.3;2.8;66.3;2.6;262.4;86.8;9.8;9.9;3.3;1.9;47;1
Argentina;76.7;17.7;10.9;21190;16;41.4;80.0;73.2;18.9;16.4;44.8;66.8;9.1;990.2;61.3;39.9;62.8;49.1;2.3;194;1
Brunei Darussalam;75.9;14.3;9.1;63965;-38;;77.1;74.7;14.8;13.9;0.4;65.3;2.4;26.9;64.7;9.1;10.3;0.5;1.8;136;1
Montenegro;76.9;15.0;11.6;21399;13;39.0;79.3;74.4;15.4;14.7;0.6;66.5;;13.3;54.4;28.4;9.3;0.6;1.8;179;1
Romania;76.1;14.3;11.1;29497;-1;36.0;79.5;72.6;14.7;13.9;19.4;66.4;5.2;578.9;54.7;19.6;36.2;18.3;1.6;107;1
Palau;73.9;15.8;12.5;19317;15;;;;16.3;15.3;0.0;59.2;12.0;0.3;;13.8;;0.0;;422;1
Kazakhstan;73.6;15.6;11.9;22857;9;27.5;77.7;69.2;15.8;15.1;18.6;63.2;3.1;487.9;68.8;22.1;29.8;20.6;2.8;201;1
Russian Federation;72.6;15.0;12.2;26157;2;37.5;77.8;67.1;15.3;14.8;145.9;63.7;5.3;3968.2;61.8;16.5;20.7;143.3;1.8;386;1
Belarus;74.8;15.4;12.3;18546;14;25.2;79.6;69.7;15.7;15.2;9.5;65.1;5.9;181.3;64.1;34.9;14.5;9.3;1.7;344;1
Turkey;77.7;16.6;8.1;27701;-4;41.9;80.6;74.7;16.0;17.1;83.4;67.8;4.2;2350.0;52.8;17.4;26.6;89.2;2.1;322;1
Uruguay;77.9;16.8;8.9;20064;9;39.7;81.5;74.1;17.1;15.1;3.5;67.4;9.3;74.6;64.0;20.9;58.7;3.6;2.0;297;1
Bulgaria;75.1;14.4;11.4;23325;2;40.4;78.7;71.6;14.6;14.2;7.0;64.6;8.1;161.1;55.4;25.8;39.9;6.4;1.6;94;1
Panama;78.5;12.9;10.2;29558;-10;49.2;81.8;75.4;13.5;12.4;4.2;69.2;7.3;133.6;66.6;21.1;81.8;4.9;2.5;397;1
Bahamas;73.9;12.9;11.4;33747;-17;;76.1;71.7;;;0.4;64.2;5.8;13.9;74.6;21.8;30.0;0.4;1.8;461;1
Barbados;79.2;15.4;10.6;14936;20;;80.5;77.8;16.8;14.0;0.3;66.7;6.8;4.5;65.2;29.4;33.6;0.3;1.6;296;1
Oman;77.9;14.2;9.7;25944;-5;;80.3;76.1;15.0;13.7;5.0;64.8;3.8;138.8;72.4;9.9;13.1;5.9;2.9;;1
Georgia;73.8;15.3;13.1;14429;22;36.4;78.1;69.3;15.5;15.0;4.0;64.5;7.6;55.9;68.3;14.8;46.4;3.9;2.1;239;1
Costa Rica;80.3;15.7;8.7;18486;6;48.0;82.9;77.7;16.4;15.4;5.0;69.4;7.3;99.1;62.1;45.6;53.5;5.5;1.8;287;1
Malaysia;76.2;13.7;10.4;27534;-11;41.0;78.3;74.2;14.0;13.3;31.9;65.7;3.9;905.8;64.3;15.5;13.4;36.1;2.0;178;1
Kuwait;75.5;14.2;7.3;58590;-51;;76.6;74.8;15.2;13.2;4.2;70.3;5.3;209.7;73.5;4.6;8.2;4.7;2.1;148;1
Serbia;76.0;14.7;11.2;17192;8;36.2;78.6;73.4;15.3;14.2;8.8;66.3;8.4;126.3;54.9;37.7;14.7;8.3;1.5;156;1
Mauritius;75.0;15.1;9.5;25266;-10;36.8;78.5;71.7;15.7;14.4;1.3;65.2;5.7;29.1;58.3;20.0;25.7;1.3;1.4;193;1
Seychelles;73.4;14.1;10.0;26903;-15;46.8;77.4;69.9;15.3;13.1;0.1;64.4;5.0;2.8;;21.2;62.1;0.1;2.5;394;2
Trinidad and Tobago;73.5;13.0;11.0;26231;-14;;76.2;70.9;14.0;12.0;1.4;65.2;7.0;36.5;60.0;32.9;30.1;1.4;1.7;288;2
Albania;78.6;14.7;10.1;13998;18;33.2;80.2;77.0;15.5;14.0;2.9;68.9;;39.8;55.7;29.5;19.6;2.8;1.6;184;2
Cuba;78.8;14.3;11.8;8621;45;;80.8;76.8;14.7;13.9;11.3;68.4;11.7;;53.6;53.2;51.6;11.1;1.6;;2
Iran (Islamic Republic of);76.7;14.8;10.3;12447;26;40.8;77.9;75.6;14.6;15.0;82.9;66.8;8.7;1172.7;44.7;5.9;40.6;92.7;2.2;293;2
Sri Lanka;77.0;14.1;10.6;12707;23;39.8;80.3;73.6;14.5;13.8;21.3;66.9;3.8;285.1;53.9;5.3;20.9;22.0;2.2;98;2
Bosnia and Herzegovina;77.4;13.8;9.8;14872;7;33.0;79.9;74.9;14.1;13.5;3.3;67.0;8.9;49.2;46.4;21.1;9.6;3.1;1.3;84;2
Grenada;72.4;16.9;9.0;15641;3;;75.0;70.1;17.0;16.2;0.1;64.0;4.8;1.9;;39.3;29.2;0.1;2.1;414;2
Mexico;75.1;14.8;8.8;19160;-8;45.4;77.9;72.2;15.0;14.6;127.6;65.4;5.5;2519.2;60.7;48.4;60.4;140.9;2.1;156;2
Saint Kitts and Nevis;74.8;13.8;8.7;25038;-17;;;;14.0;13.7;0.1;63.1;5.0;1.4;;13.3;;0.1;;423;2
Ukraine;72.1;15.1;11.4;13216;19;26.1;76.8;67.1;15.3;14.9;44.0;64.6;7.0;538.4;54.2;20.5;23.7;40.9;1.4;128;2
Antigua and Barbuda;77.0;12.8;9.3;20895;-15;;78.1;75.9;13.2;12.1;0.1;66.6;4.5;2.1;;31.4;42.8;0.1;2.0;318;2
Peru;76.7;15.0;9.7;12252;19;42.8;79.5;74.1;14.9;15.1;32.5;69.9;5.0;417.7;77.6;30.0;56.9;36.0;2.3;284;2
Thailand;77.2;15.0;7.9;17781;-10;36.4;80.9;73.5;15.8;14.7;69.6;68.4;3.7;1285.5;67.3;14.1;44.9;70.3;1.5;528;2
Armenia;75.1;13.1;11.3;13894;9;34.4;78.5;71.3;13.6;12.6;3.0;66.6;10.4;40.4;55.6;23.5;21.5;3.0;1.8;77;2
North Macedonia;75.8;13.6;9.8;15865;-7;34.2;77.8;73.8;13.8;13.4;2.1;65.4;6.1;34.4;55.1;39.2;15.7;2.1;1.5;108;2
Colombia;77.3;14.4;8.5;14257;3;50.4;80.0;74.5;14.7;14.1;50.3;69.6;7.2;741.5;68.8;19.6;66.7;53.4;1.8;235;2
Brazil;75.9;15.4;8.0;14263;1;53.9;79.6;72.2;15.8;15.1;211.0;65.2;9.5;3092.2;63.9;15.0;59.1;223.9;1.7;344;2
China;76.9;14.0;8.1;16057;-11;38.5;79.2;74.8;14.0;14.0;1433.8;68.5;5.2;22526.6;68.0;24.9;7.6;1464.3;1.7;110;2
Ecuador;77.0;14.6;8.9;11044;19;45.4;79.8;74.3;14.9;14.3;17.4;66.7;8.3;197.6;68.0;38.0;79.3;19.8;2.4;220;2
Saint Lucia;76.2;14.0;8.5;14616;-4;51.2;77.6;74.9;14.7;13.3;0.2;65.1;4.5;2.8;67.1;20.7;40.5;0.2;1.4;291;2
Azerbaijan;73.0;12.9;10.6;13784;3;;75.5;70.5;13.0;12.8;10.0;63.0;6.7;144.4;66.5;16.8;55.8;10.7;2.1;220;2
Dominican Republic;74.1;14.2;8.1;17591;-18;43.7;77.4;71.0;15.0;13.5;10.7;64.2;6.1;197.8;64.3;24.3;94.3;11.8;2.4;245;2
Moldova (Republic of);71.9;11.5;11.7;13664;2;25.7;76.2;67.6;11.8;11.3;4.0;65.1;7.0;34.6;43.1;25.7;22.4;3.9;1.3;173;2
Algeria;76.9;14.6;8.0;11174;13;27.6;78.1;75.7;14.8;14.4;43.1;66.3;6.4;488.6;41.2;21.5;10.1;50.4;3.1;149;2
Lebanon;78.9;11.3;8.7;14655;-11;31.8;80.9;77.1;11.1;11.5;6.9;66.0;8.2;100.9;47.0;4.7;14.5;6.2;2.1;92;2
Fiji;67.4;14.4;10.9;13009;1;36.7;69.3;65.7;;;0.9;59.7;3.5;12.3;57.6;19.6;49.4;1.0;2.8;209;2
Dominica;78.2;13.0;8.1;11884;7;;;;;;0.1;63.1;5.9;0.9;;25.0;;0.1;;268;2
Maldives;78.9;12.2;7.0;17417;-24;31.3;80.8;77.5;12.3;12.1;0.5;69.1;9.0;10.0;69.8;4.6;7.8;0.5;1.9;373;2
Tunisia;76.7;15.1;7.2;10414;14;32.8;78.7;74.7;15.8;14.3;11.7;67.4;7.2;125.8;46.1;22.6;7.8;12.8;2.2;195;2
Saint Vincent and the Grenadines;72.5;14.1;8.8;12378;0;;75.1;70.3;14.2;14.0;0.1;63.6;4.5;1.4;65.9;13.0;49.0;0.1;1.9;426;2
Suriname;71.7;13.2;9.3;14324;-13;;75.1;68.5;13.8;12.5;0.6;62.9;6.2;9.5;51.1;31.4;61.7;0.6;2.4;192;2
Mongolia;69.9;14.2;10.3;10839;7;32.7;74.1;65.8;14.8;13.7;3.2;60.4;4.0;39.7;59.7;17.3;31.0;3.7;2.9;152;2
Botswana;69.6;12.8;9.6;16437;-27;53.3;72.4;66.5;13.0;12.7;2.3;54.1;6.1;40.9;70.8;10.8;46.1;2.8;2.9;197;2
Jamaica;74.5;13.1;9.7;9319;13;;76.1;72.9;13.9;12.4;2.9;66.5;6.0;28.8;66.0;19.0;52.8;3.0;2.0;132;2
Jordan;74.5;11.4;10.5;9858;8;33.7;76.3;72.8;11.6;11.1;10.1;68.0;8.1;100.1;39.3;15.4;25.9;10.7;2.8;160;2
Paraguay;74.3;12.7;8.5;12224;-4;46.2;76.4;72.3;13.0;12.4;7.0;66.4;6.7;89.4;72.1;16.8;70.5;7.9;2.4;210;2
Tonga;70.9;14.4;11.2;6365;25;37.6;72.9;69.0;14.6;14.0;0.1;63.9;5.3;0.6;59.8;7.4;14.7;0.1;3.6;174;2
Libya;72.9;12.9;7.6;15688;-29;;76.0;70.1;13.1;12.6;6.8;65.3;;102.8;49.7;16.0;5.8;7.6;2.3;97;2
Uzbekistan;71.7;12.1;11.8;7142;17;;73.8;69.6;11.9;12.2;33.0;60.9;6.4;235.0;65.1;16.4;23.8;37.4;2.4;144;2
Bolivia (Plurinational State of);71.5;14.2;9.0;8554;9;42.2;74.5;68.7;14.2;14.2;11.5;63.1;6.4;100.4;71.8;51.8;64.9;13.2;2.8;160;2
Indonesia;71.7;13.6;8.2;11459;-4;39.0;74.0;69.6;13.7;13.5;270.6;62.6;3.0;3196.7;67.5;17.4;47.4;299.2;2.3;96;2
Philippines;71.2;13.1;9.4;9778;4;44.4;75.5;67.3;13.5;12.8;108.1;62.7;4.4;963.1;59.6;28.0;54.2;123.7;2.6;183;2
Belize;74.6;13.1;9.9;6382;18;;77.8;71.7;13.4;12.8;0.4;65.1;5.6;2.7;65.1;11.1;68.5;0.5;2.3;345;2
Samoa;73.3;12.7;10.8;6309;19;38.7;75.5;71.3;13.2;12.3;0.2;61.8;5.5;1.3;43.7;10.0;23.9;0.2;3.9;205;2
Turkmenistan;68.2;11.2;10.3;14909;-32;;71.7;64.7;10.9;11.5;5.9;62.9;6.9;86.9;64.5;25.0;24.4;6.8;2.8;529;2
Venezuela (Bolivarian Republic of);72.1;12.8;10.3;7045;11;;76.0;68.3;13.8;11.8;28.5;65.4;1.2;;59.7;22.2;85.3;33.6;2.3;194;2
South Africa;64.1;13.8;10.2;12129;-14;63.0;67.7;60.7;14.2;13.4;58.6;56.2;8.1;730.9;56.0;45.3;67.9;66.0;2.4;284;2
Palestine State of;74.1;13.4;9.2;6417;12;33.7;75.8;72.4;14.3;12.6;5.0;64.4;;25.9;43.8;;52.8;6.3;3.7;22;2
Egypt;72.0;13.3;7.4;11466;-14;31.5;74.4;69.7;13.3;13.3;100.4;62.5;5.3;1180.9;46.4;14.9;53.8;120.8;3.3;112;2
Marshall Islands;74.1;12.4;10.9;5039;21;;;;;;0.1;57.4;16.4;0.2;;6.1;;0.1;;61;2
Viet Nam;75.4;12.7;8.3;7433;3;35.7;79.5;71.3;12.9;12.5;96.5;65.7;5.5;775.7;77.4;26.7;30.9;104.2;2.1;137;2
Gabon;66.5;13.0;8.7;13930;-30;38.0;68.7;64.4;12.6;13.4;2.2;58.8;2.8;32.3;52.9;17.9;96.2;2.7;4.0;173;2
Kyrgyzstan;71.5;13.0;11.1;4864;23;27.7;75.6;67.4;13.2;12.7;6.4;64.9;6.2;33.9;59.8;19.2;32.8;7.4;3.0;177;3
Morocco;76.7;13.7;5.6;7368;1;39.5;77.9;75.4;13.3;14.1;36.5;63.8;5.2;278.5;45.3;18.4;31.0;40.9;2.4;233;3
Guyana;69.9;11.4;8.5;9455;-10;;73.1;66.9;11.6;11.3;0.8;58.4;4.9;7.6;56.2;31.9;74.4;0.8;2.5;275;3
Iraq;70.6;11.3;7.3;10801;-16;29.5;72.7;68.6;10.4;12.2;39.3;63.4;4.2;427.7;43.0;25.2;71.7;50.2;3.7;105;3
El Salvador;73.3;11.7;6.9;8359;-6;38.6;77.8;68.5;11.5;11.7;6.5;65.5;7.2;56.6;59.1;31.0;69.5;6.8;2.1;617;3
Tajikistan;71.1;11.7;10.7;3954;25;34.0;73.4;68.9;10.7;12.6;9.3;61.8;7.2;31.5;42.0;20.0;57.1;11.6;3.6;;3
Cabo Verde;73.0;12.7;6.3;7019;-1;42.4;76.2;69.5;13.0;12.4;0.5;64.6;5.2;3.9;60.5;23.6;73.8;0.6;2.3;288;3
Guatemala;74.3;10.8;6.6;8494;-10;48.3;77.2;71.4;10.6;10.9;17.6;62.9;5.8;143.4;62.4;19.4;70.9;21.2;2.9;141;3
Nicaragua;74.5;12.3;6.9;5284;6;46.2;78.0;70.9;12.6;12.1;6.5;65.8;8.6;35.4;66.4;44.6;85.0;7.4;2.4;324;3
Bhutan;71.8;13.0;4.1;10746;-21;37.4;72.2;71.4;13.5;12.8;0.8;63.2;3.2;8.6;66.7;15.3;20.2;0.8;2.0;156;3
Namibia;63.7;12.6;7.0;9357;-17;59.1;66.5;60.7;12.7;12.5;2.5;56.8;8.6;24.0;59.5;37.0;63.6;3.0;3.4;314;3
India;69.7;12.2;6.5;6681;-5;37.8;71.0;68.5;12.6;11.7;1366.4;60.5;3.5;9229.2;49.3;13.5;13.2;1503.6;2.2;33;3
Honduras;75.3;10.1;6.6;5308;1;52.1;77.6;73.0;10.5;9.6;9.7;63.0;7.9;55.8;68.8;21.1;72.9;11.4;2.5;216;3
Bangladesh;72.6;11.6;6.2;4976;7;32.4;74.6;70.9;12.0;11.2;163.0;64.5;2.3;775.1;59.0;20.6;83.0;179.0;2.1;52;3
Kiribati;68.4;11.8;8.0;4260;12;;72.3;64.2;12.2;11.4;0.1;53.5;10.8;0.3;;6.5;16.2;0.1;3.6;114;3
Sao Tome and Principe;70.4;12.7;6.4;3952;16;56.3;72.8;68.0;12.8;12.6;0.2;62.3;6.2;0.9;57.8;14.5;94.6;0.3;4.4;120;3
Micronesia (Federated States of);67.9;11.5;7.8;3983;13;40.1;69.6;66.2;;;0.1;56.7;12.4;0.4;;0.0;13.9;0.1;3.1;123;3
Lao People's Democratic Republic;67.9;11.0;5.3;7413;-16;36.4;69.7;66.1;10.7;11.3;7.2;60.7;2.5;56.1;78.5;27.5;65.4;8.2;2.7;122;3
Eswatini (Kingdom of);60.2;11.8;6.9;7919;-19;54.6;64.8;56.0;11.8;11.9;1.1;50.6;6.9;10.0;52.5;12.1;76.7;1.3;3.0;304;3
Ghana;64.1;11.5;7.3;5269;-3;43.5;65.2;63.0;11.4;11.6;30.4;58.2;3.3;164.6;67.8;13.1;66.6;37.8;3.9;49;3
Vanuatu;70.5;11.7;7.1;3105;20;37.6;72.2;69.0;11.5;12.0;0.3;57.6;3.3;0.9;69.9;0.0;49.4;0.4;3.8;69;3
Timor-Leste;69.5;12.6;4.8;4440;3;28.7;71.6;67.5;12.2;13.0;1.3;61.7;3.9;4.0;67.3;38.5;33.8;1.6;4.1;55;3
Nepal;70.8;12.8;5.0;3457;13;32.8;72.2;69.3;13.0;12.6;28.6;61.5;5.6;97.7;83.8;33.5;65.1;33.4;1.9;68;3
Kenya;66.7;11.3;6.6;4244;5;40.8;69.0;64.3;11.0;11.7;52.6;58.3;4.8;227.6;74.7;23.3;75.1;66.4;3.5;102;3
Cambodia;69.8;11.5;5.0;4246;3;;71.9;67.5;11.0;11.9;16.5;61.2;5.9;72.4;82.3;19.3;50.2;18.8;2.5;191;3
Equatorial Guinea;58.7;9.7;5.9;13944;-57;;59.9;57.7;;;1.4;57.2;3.1;25.2;62.0;19.2;155.6;1.9;4.6;43;3
Zambia;63.9;11.5;7.2;3326;10;57.1;66.9;60.8;10.7;11.6;17.9;55.1;4.5;62.1;74.6;18.0;120.1;24.3;4.7;148;3
Myanmar;67.1;10.7;5.0;4961;-6;30.7;70.1;64.0;10.9;10.5;54.0;60.9;4.7;277.9;61.7;11.6;28.5;58.5;2.2;171;3
Angola;61.2;11.8;5.2;6104;-17;51.3;64.0;58.4;11.0;12.7;31.8;56.7;2.8;211.8;77.5;30.0;150.5;44.8;5.6;79;3
Congo;64.6;11.7;6.5;2879;13;48.9;66.0;63.1;11.6;11.9;5.4;57.0;2.9;17.7;69.4;13.6;112.2;7.0;4.5;26;3
Zimbabwe;61.5;11.0;8.5;2666;14;44.3;62.9;59.8;10.5;11.5;14.6;53.6;6.6;41.5;83.1;34.6;86.1;17.6;3.6;137;3
Solomon Islands;73.0;10.2;5.7;2253;17;37.1;74.9;71.3;9.7;10.7;0.7;52.7;4.7;1.6;83.8;4.1;78.0;0.9;4.4;75;3
Syrian Arab Republic;72.7;8.9;5.1;3613;2;;78.1;67.9;8.9;8.8;17.1;63.9;;;44.1;13.2;38.6;26.7;2.8;;3
Cameroon;59.3;12.1;6.3;3581;1;46.6;60.6;58.0;11.3;12.9;25.9;55.4;4.7;94.5;76.1;29.3;105.8;33.8;4.6;130;3
Pakistan;67.3;8.3;5.2;5005;-15;33.5;68.3;66.3;7.6;8.9;216.6;57.2;2.9;1015.8;52.6;20.0;38.8;263.0;3.6;39;3
Papua New Guinea;64.5;10.2;4.7;4301;-10;41.9;65.8;63.3;;;8.8;56.4;2.5;38.5;47.2;0.0;52.7;10.7;3.6;59;3
Comoros;64.3;11.2;5.1;3099;5;45.3;66.1;62.6;11.1;11.4;0.9;60.3;7.4;2.6;43.3;6.1;65.4;1.1;4.2;27;3
Mauritania;64.9;8.6;4.7;5135;-21;32.6;66.5;63.3;8.7;8.5;4.5;62.2;4.4;23.5;45.9;20.3;71.0;6.0;4.6;46;4
Benin;61.8;12.6;3.8;3254;0;47.8;63.3;60.2;11.4;13.8;11.8;56.6;3.7;38.8;70.9;7.2;86.1;15.7;4.9;70;4
Uganda;63.4;11.4;6.2;2123;15;42.8;65.6;61.0;10.6;12.2;44.3;57.8;6.2;96.6;70.3;34.9;118.8;59.4;5.0;119;4
Rwanda;69.0;11.2;4.4;2155;12;43.7;71.1;66.8;11.2;11.2;12.6;59.8;6.6;28.1;83.7;55.7;39.1;16.2;4.1;509;4
Nigeria;54.7;10.0;6.7;4910;-19;43.0;55.6;53.8;9.4;10.6;201.0;56.0;3.8;1032.0;52.9;4.1;107.3;263.0;5.4;37;4
Côte d'Ivoire;57.8;10.0;5.3;5069;-25;41.5;59.1;56.6;9.0;10.9;25.7;56.2;4.5;134.7;57.0;13.3;117.6;33.7;4.7;66;4
Tanzania (United Republic of);65.5;8.1;6.1;2600;2;40.5;67.2;63.6;8.2;8.0;58.0;58.7;3.6;149.8;83.4;36.9;118.4;79.2;4.9;67;4
Madagascar;67.0;10.2;6.1;1596;16;42.6;68.7;65.4;10.2;10.2;27.0;57.6;5.5;44.4;86.1;16.9;109.6;35.6;4.1;95;4
Lesotho;54.3;11.3;6.5;3151;-6;44.9;57.6;51.2;11.7;10.9;2.1;45.2;8.8;5.9;67.9;23.0;92.7;2.3;3.2;102;4
Djibouti;67.1;6.8;4.1;5689;-34;41.6;69.4;65.1;6.7;6.9;1.0;58.9;3.3;5.4;60.2;26.2;18.8;1.1;2.8;69;4
Togo;61.0;12.7;4.9;1602;12;43.1;61.9;60.2;11.5;13.8;8.1;57.0;6.2;12.9;77.6;16.5;89.1;10.4;4.4;65;4
Senegal;67.9;8.6;3.2;3309;-11;40.3;69.9;65.8;8.9;8.2;16.3;59.9;4.1;55.3;45.7;41.8;72.7;21.6;4.7;79;4
Afghanistan;64.8;10.2;3.9;2229;0;;66.4;63.4;7.7;12.5;38.0;54.1;11.8;83.8;48.9;27.2;69.0;48.1;4.6;83;4
Haiti;64.0;9.7;5.6;1709;7;41.1;66.2;61.8;9.0;10.4;11.3;55.4;8.0;19.5;67.2;2.7;51.7;12.7;3.0;80;4
Sudan;65.3;7.9;3.8;3829;-18;34.2;67.2;63.5;7.7;8.3;42.8;61.4;6.3;169.5;48.4;27.5;64.0;55.3;4.4;52;4
Gambia;62.1;9.9;3.9;2168;-1;35.9;63.5;60.7;10.0;9.8;2.3;58.3;3.3;5.2;59.4;10.3;78.2;3.2;5.3;55;4
Ethiopia;66.6;8.8;2.9;2207;-3;35.0;68.5;64.7;8.3;9.3;112.1;60.2;3.5;248.8;79.6;37.3;66.7;144.9;4.3;116;4
Malawi;64.3;11.2;4.7;1035;13;44.7;67.4;61.1;11.2;11.3;18.6;56.6;9.6;19.7;76.7;22.9;132.7;24.8;4.3;77;4
Congo (Democratic Republic of the);60.7;9.7;6.8;1063;11;42.1;62.2;59.1;8.6;10.8;86.8;56.3;4.0;95.3;63.5;12.0;124.2;120.0;6.0;27;4
Guinea-Bissau;58.3;10.6;3.6;1996;1;50.7;60.2;56.3;;;1.9;53.6;7.2;3.8;72.0;13.7;104.8;2.5;4.5;33;4
Liberia;64.1;9.6;4.8;1258;8;35.3;65.5;62.7;9.2;10.4;4.9;56.9;8.2;7.0;76.3;11.7;136.0;6.4;4.4;50;4
Guinea;61.6;9.4;2.8;2405;-12;33.7;62.1;60.9;8.0;10.8;12.8;53.9;4.1;32.7;61.5;22.8;135.3;17.0;4.7;27;4
Yemen;66.1;8.8;3.2;1594;2;36.7;67.8;64.4;7.4;10.2;29.2;58.6;4.2;;38.0;1.0;60.4;36.4;3.8;54;4
Eritrea;66.3;5.0;3.9;2793;-17;;68.6;64.2;4.6;5.4;3.5;55.9;2.9;;78.4;22.0;52.6;4.2;4.1;;4
Mozambique;60.9;10.0;3.5;1250;3;54.0;63.7;57.8;9.5;10.5;30.4;50.8;4.9;38.9;78.1;41.2;148.6;41.2;4.9;64;4
Burkina Faso;61.6;9.3;1.6;2133;-9;35.3;62.3;60.7;9.1;9.4;20.3;54.2;6.9;44.5;66.4;13.4;104.3;27.4;5.2;41;4
Sierra Leone;54.7;10.2;3.7;1668;-4;35.7;55.5;53.9;9.7;10.6;7.8;54.1;13.4;13.4;57.9;12.3;112.8;9.6;4.3;59;4
Mali;59.3;7.5;2.4;2269;-17;33.0;60.1;58.5;6.8;8.1;19.7;54.3;3.8;45.8;70.8;9.5;169.1;27.0;5.9;31;4
Burundi;61.6;11.1;3.3;754;4;38.6;63.4;59.8;11.0;11.1;11.5;55.5;7.5;8.7;79.2;38.8;55.6;15.8;5.5;98;4
South Sudan;57.9;5.3;4.8;2003;-10;46.3;59.4;56.4;3.5;5.9;11.1;54.6;9.8;;72.4;26.6;62.0;13.8;4.7;61;4
Chad;54.2;7.3;2.5;1555;-5;43.3;55.7;52.8;5.9;8.8;15.9;52.9;4.5;25.2;70.7;14.9;161.1;21.7;5.8;56;4
Central African Republic;53.3;7.6;4.3;993;0;56.2;55.5;51.1;6.2;8.9;4.7;45.7;5.8;4.5;72.0;8.6;129.1;5.9;4.8;17;4
Niger;62.4;6.5;2.1;1201;-4;34.3;63.6;61.3;5.7;7.2;23.3;55.1;7.7;28.4;72.0;17.0;186.5;34.8;7.0;43;4
